receptor = /nvme2/helen/masterthesis/filteringpipeline/vina/P95862/P95862.pdbqt
ligand = /nvme2/helen/masterthesis/filteringpipeline/vina/TPP/TPP.pdbqt
center_x = 5.082000255584717
center_y = -5.568800449371338
center_z = -4.866400241851807
size_x = 10.0
size_y = 10.0
size_z = 10.0
num_modes = 9
exhaustiveness = 32
