receptor = /nvme2/helen/masterthesis/filteringpipeline/vina/P96084/P96084.pdbqt
ligand = /nvme2/helen/masterthesis/filteringpipeline/vina/TPP/TPP.pdbqt
center_x = 6.051332950592041
center_y = -4.684000015258789
center_z = -2.5956666469573975
size_x = 10.0
size_y = 10.0
size_z = 10.0
num_modes = 9
exhaustiveness = 32
